904
241
881
842
662
871
615
616
408
1
551
839
158
426
93
541
411
789
965
64
64
868
125
184
288
566
439
126
973
86
790
837
291
225
279
287
684
921
179
763
684
328
49
766
229
366
17
432
62
927
70
665
703
31
907
460
449
192
114
610
716
141
913
874
880
119
791
727
407
888
309
323
315
886
199
83
333
91
37
154
22
290
277
10
665
268
116
352
144
756
413
512
502
728
913
578
437
434
840
851
801
365
350
990
869
699
585
996
644
334
370
554
547
606
290
251
989
883
263
749
974
652
48
656
197
679
861
532
635
185
106
738
513
600
285
542
978
527
46
339
252
490
103
488
189
107
300
930
931
532
269
546
604
774
754
952
879
409
398
632
443
357
598
396
407
961
972
530
106
170
215
944
996
998
501
893
332
64
524
289
963
527
462
719
64
523
827
778
382
688
875
87
195
670
44
66
27
399
672
355
317
627
515
497
395
721
700
247
496
183
506
495
773
763
41
557
452
267
52
973
681
938
517
416
293
348
195
610
437
524
60
423
507
403
627
152
419
644
11
345
729
438
741
645
729
26
150
891
462
877
469
2
272
168
187
451
968
350
596
591
613
526
213
993
404
738
487
988
323
799
387
520
679
774
285
529
183
682
806
97
856
499
213
792
330
274
926
265
51
910
582
262
515
718
854
94
336
608
822
14
971
178
651
422
130
175
987
869
471
756
897
632
993
707
605
431
249
504
878
80
440
458
978
41
551
836
573
72
927
261
152
165
515
820
572
10
626
56
183
9
73
856
254
727
833
118
60
472
636
993
130
595
166
699
632
39
114
896
138
582
706
144
486
73
19
655
789
556
616
643
232
828
758
245
350
462
400
316
483
89
547
462
643
351
789
537
951
296
274
337
726
824
727
514
856
530
299
497
583
573
74
822
55
526
436
773
528
157
550
389
802
924
23
287
784
206
237
683
599
245
88
720
385
543
648
524
621
489
851
747
410
492
346
290
60
535
772
174
541
749
507
928
968
81
550
196
330
23
270
51
961
317
829
422
570
330
723
667
94
133
155
461
597
681
606
479
446
752
647
769
316
949
791
726
725
751
65
501
928
283
480
287
53
800
447
240
146
785
274
106
146
39
140
510
880
125
864
253
669
160
387
302
654
782
290
616
74
894
488
938
635
473
291
544
306
983
112
561
616
589
987
40
674
709
180
424
404
887
727
51
978
279
2
564
995
815
724
395
39
862
188
826
682
393
959
478
249
9
743
656
125
965
848
868
598
881
636
81
953
271
866
978
645
718
251
773
954
928
109
602
667
704
979
606
406
155
341
481
898
22
939
380
992
681
440
31
93
379
317
250
951
662
555
714
429
547
341
495
788
313
366
276
31
91
431
70
87
952
123
912
292
791
750
14
642
353
483
937
127
793
245
283
228
290
897
835
419
73
466
883
624
707
941
960
226
463
790
434
108
983
826
405
31
779
207
886
443
606
689
730
926
341
894
188
27
630
828
493
422
917
961
513
535
389
883
399
141
117
522
961
30
760
571
326
668
914
558
516
402
144
674
289
503
935
487
788
458
231
116
40
575
9
218
777
696
719
609
145
920
580
538
573
820
412
772
780
619
516
731
704
632
213
886
536
133
181
927
564
809
959
897
563
733
828
237
490
460
370
829
414
962
4
733
308
551
538
983
606
251
602
638
209
188
375
837
53
645
849
800
117
10
221
603
423
313
159
74
750
819
21
857
998
460
541
453
559
6
818
818
150
725
347
407
840
535
733
871
1
594
634
441
629
626
738
266
948
755
873
697
611
172
200
836
352
397
200
257
70
538
549
727
258
992
624
614
525
240
703
932
972
322
929
170
940
635
308
750
970
986
306
754
946
560
212
277
973
478
221
153
241
979
730
757
748
261
231
51
384
48
246
564
62
733
285
451
244
885
973
520
824
495
722
182
746
662
440
454
93
502
2
133
823
264
977
252
170
764
899
959
49
342
401
376
638
221
718
268
83
168
621
638
48
25
82
827
125
798
812
78
912
990
873
405
921
738
218
692
348
524
49
792
343
915
753
806
269
431
868
285
122
147
450
930
216
345
737
754
81
2
568
853
902
253
857
89
759
384
158
621
844
821
499
759
444
967
428
896
563
573
376
614
681
126
206
658
105
14
503
244
968
104
725
619
503
860
138
57
449
595
812
415
185
193
528
213
878
801
100
284
560
879
969
888
896
586
409
848
531
81
357
23
488
184
378
48
194
939
829
398
455
402
509
50
402
733
576
256
526
666
288
140
108
837
911
881
791
879
193
890
510
386
970
805
233
123
168
876
120
337
505
878
361
246
352
566
32
564
780
210
691
681
521
535
719
190
323
354
277
764
936
242
329
328
174
748
917
49
814
439
465
999
367
250
870
974
61
603
347
523
435
74
727
375
406
836
248
242
20
820
852
410
630
495
477
259
730
230
834
657
812
674
917
52
845
715
807
307
364
169
122
549
301
831
408
451
863
781
448
322
747
165
130
856
505
0
251
93
629
74
706
588
970
347
131
489
533
455
580
141
534
33
335
528
762
683
864
950
589
401
111
246
710
335
615
87
643
783
608
299
951
88
67
353
409
523
269
253
415
336
21
243
690
97
232
444
435
741
805
856
591
328
765
621
743
416
933
422
667
859
87
304
544
760
574
641
792
403
225
849
241
437
777
22
728
867
334
234
327
405
367
560
725
794
673
80
141
714
291
894
514
916
887
90
881
330
306
11
327
481
632
805
853
589
154
597
89
909
593
930
679
987
736
791
87
863
373
46
129
284
784
639
663
170
247
433
897
950
625
200
71
391
857
136
322
538
38
425
292
857
1
515
586
15
286
524
622
663
831
432
90
861
397
200
906
205
376
366
689
524
81
48
87
60
310
955
649
243
206
369
169
709
518
534
144
233
211
768
49
458
56
941
640
631
698
298
579
669
522
409
512
636
811
338
287
247
830
557
225
648
322
702
561
299
839
322
73
601
821
778
937
272
792
70
484
529
375
524
331
811
597
409
854
622
71
494
591
314
296
335
674
145
98
872
923
290
933
704
558
527
85
915
860
34
750
803
861
171
3
343
353
477
321
470
827
730
237
813
232
220
21
168
12
342
437
662
719
178
968
296
942
636
786
179
708
734
684
915
99
157
744
930
685
812
381
954
776
192
37
999
58
757
893
961
184
63
828
568
725
290
152
737
34
534
366
977
217
197
776
439
526
999
180
334
608
561
434
10
204
457
854
700
387
245
463
641
365
812
111
960
798
556
661
155
264
742
615
893
129
312
251
966
95
729
944
707
249
602
176
817
7
187
889
130
157
444
325
929
820
845
14
75
569
967
638
776
298
533
678
848
502
101
533
345
221
828
92
680
280
577
271
805
314
496
998
988
311
106
805
801
580
866
385
332
751
652
268
773
960
625
587
242
704
886
86
911
480
686
263
453
686
492
119
198
644
942
157
536
874
887
432
256
69
260
192
553
831
497
703
885
0
956
262
42
413
586
341
329
913
216
987
939
226
725
623
477
749
71
158
518
180
203
542
319
871
161
986
202
377
527
831
869
332
908
670
161
623
952
700
518
951
779
374
154
508
179
425
914
238
642
984
16
111
142
671
805
803
155
744
616
733
598
276
976
331
83
741
919
334
570
601
655
955
181
193
57
149
126
899
804
718
94
669
283
91
321
91
787
304
40
490
75
92
166
702
548
534
64
681
507
160
623
453
940
747
680
564
945
612
438
926
700
421
621
899
218
623
722
113
592
278
298
672
730
421
216
204
113
172
115
355
757
727
895
400
132
313
282
727
826
369
282
121
177
44
326
482
122
987
626
482
109
558
159
89
374
232
634
151
297
637
948
515
678
738
698
89
712
564
909
505
43
508
196
606
604
441
65
580
942
775
450
214
482
135
305
895
206
118
838
647
209
18
795
496
686
442
480
906
487
341
464
915
420
126
547
467
373
935
374
704
260
428
904
597
110
697
95
360
603
214
378
300
987
561
800
524
532
397
753
969
986
411
603
254
350
630
768
65
363
467
309
21
836
856
302
582
953
92
641
645
44
200
872
685
559
213
323
405
449
710
397
903
65
6
357
240
401
509
889
728
246
215
534
52
303
358
555
699
229
401
270
494
418
837
999
652
341
843
708
604
4
794
820
836
299
215
48
713
316
489
311
288
255
746
537
901
701
235
639
906
175
559
224
75
789
660
575
15
75
253
747
705
942
147
335
95
592
124
907
331
944
453
962
313
342
92
183
96
477
873
129
436
290
503
494
835
92
285
711
95
228
402
680
107
647
504
780
282
801
752
150
172
77
982
139
106
18
446
86
748
952
431
667
25
860
24
520
183
671
872
353
716
822
482
964
636
910
449
132
499
646
968
209
901
378
814
968
244
52
159
311
323
389
150
260
609
965
682
959
575
512
126
812
133
370
310
37
698
163
647
128
819
30
414
429
70
383
388
411
503
467
48
139
707
389
813
980
395
406
125
913
123
4
62
464
948
711
397
21
822
248
1
942
818
954
353
208
815
341
296
26
699
616
855
832
69
496
748
499
329
311
2
703
291
950
777
285
655
637
719
18
424
642
31
744
576
137
745
555
928
836
603
207
80
571
718
800
305
893
131
321
89
295
584
633
663
788
374
315
559
38
877
582
504
700
34
605
604
860
479
767
552
163
987
640
701
195
5
737
55
172
147
15
628
535
143
688
174
830
37
195
164
752
934
247
486
251
81
892
760
891
906
282
953
187
907
919
52
377
474
253
686
30
59
515
97
158
808
66
417
333
30
163
478
715
882
463
841
930
860
807
794
325
234
829
977
251
360
163
659
796
583
171
615
875
908
822
154
925
938
185
568
657
626
524
12
584
874
429
930
311
835
685
499
978
672
281
896
804
428
628
19
621
947
299
914
450
580
305
957
11
285
443
923
337
408
415
784
807
525
561
537
146
247
622
403
460
819
493
568
701
502
98
131
811
647
892
471
212
973
858
171
921
66
922
665
318
808
570
240
855
843
187
726
293
951
618
537
400
203
304
200
671
983
725
965
119
922
424
366
953
831
514
428
951
888
149
564
415
499
327
405
224
300
155
216
13
44
737
135
457
817
236
423
154
350
261
759
16
172
46
958
407
904
370
96
116
591
171
42
621
536
316
966
436
529
993
385
748
469
339
235
76
44
24
918
925
931
290
491
303
261
662
569
185
562
121
815
992
640
182
340
263
679
539
421
264
321
445
423
42
714
688
542
428
964
388
21
169
526
692
103
36
214
393
797
69
413
294
424
412
194
125
122
918
841
827
696
47
701
703
875
383
811
344
568
775
586
728
188
13
320
483
43
526
750
501
435
948
679
483
573
0
877
392
404
730
941
843
760
607
316
711
477
593
105
468
792
101
612
660
994
690
736
744
33
878
518
307
91
421
826
415
572
636
705
591
785
18
443
85
549
560
46
557
13
747
251
282
432
416
373
784
833
607
278
617
759
987
788
739
492
657
165
578
541
222
391
546
754
742
892
112
503
547
395
850
154
947
217
611
206
285
962
380
287
277
531
615
879
702
370
550
24
303
321
364
802
225
806
761
687
40
374
388
798
464
868
644
693
546
980
112
803
766
565
480
525
155
854
851
87
502
392
98
653
344
925
997
178
59
287
492
544
917
292
137
345
998
56
445
311
231
131
807
183
475
365
796
299
339
919
731
279
284
980
265
468
707
225
229
996
237
560
444
173
792
819
951
562
94
319
203
270
99
38
250
42
516
938
488
784
794
943
497
625
272
424
377
677
425
477
948
321
990
820
999
774
951
749
790
599
255
410
624
954
421
846
128
43
16
789
469
742
666
221
524
28
481
708
212
607
474
482
106
953
342
416
294
434
394
345
374
345
706
240
90
405
110
314
424
892
895
885
561
283
507
825
483
127
647
438
528
476
701
423
791
428
879
630
682
594
690
487
96
959
230
417
203
477
949
210
260
723
98
586
110
712
740
140
880
531
67
224
535
82
595
188
84
553
903
669
657
814
119
368
106
35
636
13
778
915
131
615
51
713
593
717
370
845
430
629
586
656
61
65
888
578
51
282
735
338
742
437
773
6
832
419
693
739
756
957
79
583
24
688
277
5
603
493
583
690
817
532
537
582
204
890
227
308
142
520
793
61
53
767
957
737
622
688
210
136
909
945
122
465
635
365
90
249
377
826
435
606
780
401
501
196
97
554
640
664
811
959
907
739
211
649
656
161
224
0
607
866
975
527
67
665
76
894
634
59
722
325
832
306
839
333
614
355
132
377
199
157
875
37
20
892
385
774
0
316
943
258
670
537
92
721
594
406
405
836
189
861
167
989
661
391
691
271
540
116
956
72
888
957
94
204
747
239
767
755
564
59
562
374
246
957
185
470
831
497
315
294
867
973
799
50
954
43
368
400
79
341
241
45
443
582
867
219
698
542
572
138
444
206
202
109
550
973
673
878
586
634
913
453
844
291
731
133
799
334
381
519
96
630
221
866
280
905
234
387
616
527
41
626
648
853
695
766
864
402
66
514
651
401
173
503
433
145
331
788
428
226
347
204
821
249
77
335
335
685
109
859
76
427
437
156
632
519
440
961
299
332
292
105
34
734
479
254
704
902
990
266
289
261
754
807
247
572
323
107
689
36
113
795
488
442
281
287
604
541
317
319
103
51
144
308
960
920
856
754
634
129
125
740
814
104
32
65
807
105
495
70
172
188
209
668
91
812
653
275
988
679
312
78
284
119
902
937
331
137
272
897
496
435
943
316
883
75
24
417
155
926
385
272
297
727
531
28
957
208
120
72
352
509
46
489
986
831
869
42
36
911
30
893
928
628
909
25
592
542
904
687
389
548
40
458
561
659
623
206
758
343
42
559
552
31
554
413
417
220
142
295
412
891
379
190
868
252
278
59
485
65
561
476
131
290
68
531
907
272
902
607
998
129
805
775
357
293
810
188
153
822
536
598
546
845
206
386
387
658
795
843
91
19
986
927
839
138
566
91
262
816
960
185
246
286
46
688
517
766
358
765
66
141
964
249
669
428
504
555
316
863
763
656
384
670
116
264
336
882
958
131
4
586
28
435
204
198
200
499
2
507
455
872
628
953
289
472
535
881
744
849
161
156
975
778
790
632
222
487
510
283
619
409
188
765
210
165
105
289
720
495
458
460
461
318
912
1
472
185
575
333
967
498
721
95
551
882
715
409
289
445
80
69
22
240
621
426
788
496
550
718
321
500
287
689
679
686
52
303
961
6
437
262
157
512
628
208
562
335
785
627
172
226
368
8
590
237
329
225
448
859
969
382
737
427
799
73
286
872
554
73
691
942
984
268
937
210
578
225
177
897
535
493
600
764
293
67
308
874
247
705
750
694
628
913
264
651
60
454
97
853
448
568
694
698
530
841
340
225
171
448
515
329
20
102
245
77
303
488
719
550
63
532
663
826
389
447
687
12
581
182
105
380
440
476
956
905
370
51
501
731
535
846
793
246
210
671
882
652
750
477
320
898
681
720
330
782
414
624
814
207
90
570
405
517
224
292
786
891
481
628
37
219
398
196
947
496
824
536
0
129
283
747
167
173
685
638
465
242
765
283
244
699
994
978
38
873
634
714
987
912
589
882
363
718
320
703
936
319
30
385
654
389
148
514
339
95
876
846
793
895
268
537
834
808
223
422
684
903
869
708
917
849
335
246
376
342
462
618
280
420
444
25
381
623
194
961
173
544
804
416
76
972
882
2
463
318
616
37
894
303
889
675
424
349
111
39
75
210
814
923
756
662
666
922
284
336
798
778
332
97
166
612
554
785
399
494
804
942
997
544
396
618
790
591
381
916
758
703
637
58
969
36
396
838
208
586
412
110
238
155
665
257
178
49
338
190
907
637
785
551
871
551
792
703
500
863
220
287
562
492
110
631
48
715
791
667
870
954
988
307
91
253
115
688
737
696
181
588
630
718
357
482
492
786
623
190
11
405
860
589
796
87
181
752
73
385
22
565
828
314
806
831
302
504
883
519
953
641
243
458
624
835
32
461
797
865
540
23
915
399
14
646
413
520
251
21
134
973
192
876
547
537
135
432
110
539
425
269
156
860
323
825
241
282
275
682
706
452
829
459
172
230
649
211
115
175
287
887
614
681
966
105
401
921
353
104
122
264
988
386
889
913
861
488
433
860
878
729
356
170
490
297
502
786
758
963
520
323
202
805
800
675
728
451
983
576
244
222
12
85
308
319
143
15
243
863
520
641
888
416
793
924
860
185
529
227
892
510
763
590
316
311
278
860
957
42
870
271
999
171
819
147
219
603
128
968
954
606
887
128
378
185
587
42
451
244
942
680
92
925
124
718
52
485
463
180
85
935
316
358
915
110
111
26
734
6
267
690
892
222
980
866
212
940
216
436
414
209
259
242
422
135
634
572
778
488
139
11
106
345
331
845
768
583
360
642
968
456
432
990
361
990
617
136
741
511
914
673
310
129
833
818
737
68
543
368
735
23
618
233
265
952
602
323
901
607
566
810
519
346
711
27
537
38
444
952
877
892
360
907
570
826
849
973
382
44
546
977
803
803
116
765
605
597
264
273
602
812
865
924
779
691
176
83
539
735
943
298
21
771
681
408
571
670
858
318
28
80
787
857
805
923
377
960
188
815
207
760
32
609
689
806
629
972
579
324
359
64
656
200
133
762
223
337
560
108
707
196
836
119
162
582
670
719
281
442
566
534
998
502
295
715
70
553
509
596
120
735
630
17
497
880
660
643
777
438
426
133
614
454
989
498
712
617
733
375
4
339
620
914
189
339
598
396
640
229
114
667
287
956
624
435
441
836
843
421
655
111
697
816
858
909
696
320
763
10
739
852
91
979
718
508
244
929
558
227
95
401
932
913
176
515
556
164
64
530
945
961
545
339
612
237
319
113
956
9
788
696
72
653
380
729
483
795
915
582
430
96
500
911
709
295
171
987
515
903
541
699
255
125
423
995
211
325
940
122
258
757
779
965
523
898
848
927
867
720
98
499
415
204
445
797
210
700
569
142
460
889
578
510
852
404
409
303
16
15
267
264
418
149
873
527
524
948
0
643
312
618
441
696
49
526
660
604
230
408
416
794
296
372
782
709
770
747
143
375
184
859
211
834
203
696
492
375
916
242
242
454
279
521
273
77
43
350
935
612
583
164
210
952
567
983
57
238
902
268
178
675
214
417
212
330
478
838
206
925
411
764
512
671
491
389
672
434
286
45
432
140
877
871
125
672
920
595
908
242
866
542
816
19
544
562
79
822
826
712
333
945
665
347
345
112
762
879
863
910
537
522
606
174
209
897
91
434
947
158
901
441
70
537
274
878
790
477
450
47
624
381
875
91
436
294
644
559
324
38
359
3
429
469
512
736
467
467
483
765
881
939
741
987
177
150
289
309
673
659
798
548
39
69
583
834
895
61
843
69
274
146
582
95
769
655
40
355
330
572
124
154
362
743
428
303
876
972
507
24
321
378
195
303
728
465
121
303
384
577
277
434
196
108
174
690
542
158
909
527
967
596
56
369
133
692
27
551
182
291
330
783
269
756
546
326
139
879
904
746
887
617
810
414
697
291
757
878
835
837
975
716
105
316
302
834
883
681
504
89
296
556
837
769
926
457
49
834
511
858
798
531
493
269
674
273
410
223
637
634
913
393
86
194
961
738
566
861
171
454
357
854
282
374
555
288
643
383
42
83
805
103
114
842
234
629
933
778
222
897
101
589
912
308
530
664
543
33
768
577
502
300
448
446
387
817
534
226
877
360
691
297
76
248
380
54
549
410
483
434
350
696
884
424
375
605
587
871
882
62
812
536
948
514
939
504
956
886
965
128
27
148
230
667
333
620
108
360
983
331
284
249
961
700
708
475
23
389
441
991
34
851
282
104
60
776
892
870
820
971
792
586
598
889
722
427
911
940
723
72
255
425
664
431
552
917
972
198
447
538
572
8
80
351
746
538
495
6
901
190
836
699
407
152
502
273
598
7
635
158
167
158
494
34
784
228
875
52
60
632
880
782
61
337
356
442
221
982
548
437
389
545
651
83
186
425
826
763
588
112
888
852
65
402
700
584
634
623
937
432
804
243
961
857
586
204
989
701
937
163
460
917
684
519
170
69
417
894
530
904
787
414
775
830
257
243
48
507
272
33
539
386
484
77
507
577
661
263
132
631
343
931
574
996
106
968
88
64
372
935
984
15
123
856
728
522
264
475
819
81
120
219
272
401
364
767
205
72
92
443
192
665
104
788
643
380
647
947
358
636
75
508
193
264
588
584
898
362
356
8
236
596
668
602
449
589
693
369
616
14
57
176
370
161
562
823
826
12
59
785
188
514
694
693
576
827
542
780
534
406
23
339
163
188
2
113
709
830
93
290
12
617
98
326
890
641
815
476
692
684
998
547
345
121
150
226
955
729
641
597
835
636
431
155
106
767
812
951
181
861
13
524
0
643
289
100
999
321
869
842
449
197
416
31
622
578
809
658
26
769
910
923
794
270
734
194
207
327
312
51
784
649
510
717
133
468
301
835
666
111
254
603
176
430
866
773
66
931
256
198
894
292
435
382
731
380
763
846
18
635
624
550
696
554
926
638
66
706
173
443
490
85
409
325
130
344
962
583
982
622
524
406
71
488
441
869
380
36
101
856
732
772
395
624
650
401
519
871
168
55
243
804
488
242
758
465
974
905
457
235
233
787
628
962
476
327
913
18
880
704
14
320
485
665
177
417
872
637
527
192
911
522
214
766
3
279
940
527
13
931
864
474
172
792
31
129
902
321
969
659
781
775
749
222
980
714
282
577
610
710
640
424
638
660
622
449
636
51
277
439
654
478
597
852
711
95
415
365
548
60
795
433
964
338
234
434
633
704
158
255
135
461
761
281
173
564
299
708
546
110
840
248
786
752
138
353
17
919
139
404
255
450
941
412
332
408
381
643
734
193
85
36
280
889
10
129
909
410
445
136
614
168
381
588
865
667
797
233
283
345
82
175
38
635
25
939
278
393
318
194
976
751
639
80
365
226
722
921
182
150
629
829
512
402
869
977
58
519
952
483
724
684
270
190
554
909
957
863
521
701
621
783
466
98
301
747
733
328
683
960
199
585
177
851
471
379
254
56
637
610
882
600
812
408
14
313
331
42
323
769
502
365
83
226
410
657
309
365
752
284
892
440
345
522
322
770
676
364
937
816
820
558
859
281
581
918
2
63
304
881
466
439
221
112
942
459
960
236
808
301
583
573
797
671
875
849
592
657
406
547
998
371
156
290
58
491
549
308
210
777
585
123
866
697
165
366
423
537
909
651
239
124
642
372
598
318
990
999
884
321
430
818
270
951
912
47
489
473
28
301
759
447
160
703
299
105
150
176
199
102
457
31
640
442
136
16
640
933
458
715
388
306
771
225
31
910
454
612
455
666
587
382
287
185
418
405
909
190
945
357
156
984
139
815
117
63
530
73
785
420
526
53
666
892
14
742
779
486
558
81
396
245
122
897
347
455
394
21
904
751
414
582
632
296
740
755
140
299
311
967
346
571
547
846
108
631
999
275
456
735
177
326
281
427
480
653
475
841
526
728
92
557
908
217
945
806
843
148
15
966
224
355
84
993
512
5
172
274
589
192
224
139
367
836
980
860
70
154
192
278
662
173
113
880
36
96
97
937
513
601
341
615
109
52
205
720
125
754
913
615
672
483
457
993
127
338
894
232
555
761
928
591
755
853
440
495
198
442
71
394
149
498
853
767
221
802
670
366
892
326
987
644
161
374
981
16
561
641
23
198
160
601
101
724
469
806
143
148
817
176
298
842
96
71
585
982
449
814
120
204
563
336
114
858
760
480
603
209
719
631
736
688
596
194
109
205
571
154
359
317
109
377
196
759
570
329
704
20
96
919
410
553
458
872
613
24
892
114
579
300
750
206
695
60
600
221
266
753
238
257
825
523
547
589
628
977
194
359
906
912
98
413
611
159
610
870
638
344
310
283
613
296
985
110
934
715
700
825
403
602
285
857
107
718
91
517
138
986
233
26
23
660
577
521
245
884
387
579
173
56
254
387
393
863
390
93
547
557
447
542
263
942
705
940
607
662
796
791
790
624
126
505
183
766
747
394
583
409
868
254
32
137
291
291
287
15
341
757
696
689
881
908
808
14
129
338
324
779
671
973
792
853
650
284
114
471
8
344
41
838
5
536
632
299
173
17
415
657
87
245
444
489
372
780
749
482
62
657
89
300
51
551
640
983
60
163
145
519
625
147
555
627
856
535
221
758
518
519
577
277
820
478
382
299
773
318
942
594
416
587
32
426
529
708
975
215
717
719
434
622
350
972
740
47
955
214
879
930
659
445
557
19
835
991
704
968
967
0
531
485
46
359
952
93
185
556
419
100
852
375
438
531
190
218
431
332
174
842
519
270
726
602
820
611
605
792
201
616
856
308
804
108
144
982
641
973
194
367
813
312
410
563
518
199
945
142
441
992
562
701
883
203
103
262
580
668
473
506
729
562
136
113
801
607
80
79
27
10
684
110
214
409
439
564
328
82
441
999
499
196
806
686
317
657
966
321
967
927
728
300
744
864
760
751
10
174
859
514
638
883
112
912
892
304
626
665
590
604
523
437
853
0
3
469
763
296
746
908
859
708
994
654
302
616
704
951
368
193
668
767
298
473
654
365
33
493
372
2
158
997
298
32
663
275
889
499
695
520
435
310
818
987
838
56
755
883
735
904
793
328
793
559
199
701
45
222
339
896
644
256
186
156
660
57
74
319
839
838
255
0
514
975
154
860
468
843
823
697
878
963
422
202
466
457
829
220
814
394
964
16
355
882
961
19
529
479
676
242
638
793
581
842
487
584
93
470
733
894
59
362
412
406
304
952
24
342
812
889
209
257
739
247
56
184
530
256
850
890
47
813
477
281
712
956
881
671
610
923
121
401
845
918
946
443
5
442
747
100
837
371
37
116
479
563
708
475
847
44
55
115
209
384
189
464
752
455
785
775
360
137
63
101
398
140
39
978
7
48
18
237
654
761
362
666
218
829
143
914
159
991
903
369
404
963
246
117
405
722
774
821
985
921
96
41
767
77
348
841
309
873
166
497
385
428
809
67
203
29
136
205
82
512
643
100
550
373
295
793
903
111
449
435
572
898
396
813
366
441
480
26
54
535
622
238
212
244
954
639
362
266
800
828
528
761
314
613
321
864
320
587
150
708
201
632
657
654
82
322
141
288
141
220
140
72
227
830
689
49
468
167
607
998
190
112
545
88
213
210
68
498
786
675
578
874
911
661
296
283
378
783
170
338
752
40
910
877
764
721
662
418
512
826
298
567
3
392
709
886
659
590
895
764
493
9
219
937
787
929
153
842
685
956
599
350
531
261
924
230
354
669
581
969
269
489
779
902
342
853
965
747
533
374
818
197
184
622
705
729
756
4
717
435
43
146
403
285
718
891
958
995
293
444
493
980
716
186
842
355
416
453
623
766
435
884
605
759
708
857
733
586
307
918
618
590
131
504
926
143
809
794
236
691
52
661
278
308
317
183
728
558
377
234
756
81
756
599
936
992
88
66
829
43
183
96
937
651
806
422
576
124
626
835
198
655
439
481
112
9
863
600
659
102
16
244
341
490
449
464
11
329
757
450
890
677
153
425
275
617
795
909
56
700
180
501
500
879
976
375
843
106
98
556
540
396
765
145
416
602
185
813
710
554
251
752
877
265
8
953
142
73
467
979
744
310
341
745
14
475
516
127
311
665
864
795
28
968
465
379
319
225
429
681
361
571
817
260
580
620
333
425
35
491
365
730
776
900
701
678
524
907
630
762
492
716
718
525
457
466
828
162
288
671
436
25
276
940
40
343
393
761
200
976
899
231
674
570
654
916
646
876
871
991
988
454
194
28
15
883
381
426
741
556
861
755
487
503
984
500
447
144
539
974
240
206
661
469
218
450
715
775
813
539
501
430
438
621
57
641
896
395
335
736
733
171
173
263
582
930
691
53
206
119
305
517
573
412
160
268
228
866
127
164
637
100
151
817
701
991
553
563
764
592
766
867
740
158
423
17
816
50
823
213
591
37
117
380
881
513
526
349
577
858
426
973
803
382
470
560
673
603
987
537
273
855
876
716
337
982
413
506
5
536
322
949
584
209
926
596
97
661
262
480
544
83
677
128
562
673
857
491
353
577
261
813
871
34
80
763
972
650
542
562
526
755
510
420
41
27
820
397
416
400
160
621
50
436
310
527
648
422
623
489
453
809
880
141
799
672
474
376
806
250
274
144
243
235
458
68
691
427
183
750
588
739
156
780
654
125
359
32
53
236
602
628
791
740
877
474
785
706
370
507
567
879
673
558
579
969
221
987
206
354
999
896
853
845
170
621
93
207
918
547
866
187
769
794
589
889
419
571
116
535
832
763
462
15
403
538
215
339
1
162
897
135
852
812
244
815
874
159
975
513
685
946
127
507
387
764
711
320
505
626
801
719
68
105
36
844
656
93
87
428
53
161
180
339
390
208
585
904
852
67
315
651
651
835
435
125
98
666
198
409
969
101
175
746
806
77
776
934
761
431
922
241
241
672
417
613
630
532
419
368
672
65
538
614
711
328
879
896
61
516
962
77
938
198
63
801
222
647
507
628
644
799
472
484
717
270
605
917
114
970
850
551
582
529
939
97
291
39
642
69
652
681
322
556
443
619
849
227
405
367
533
814
762
183
282
484
313
653
387
523
291
976
776
798
583
490
758
180
182
17
93
123
159
650
238
620
814
268
404
297
961
140
493
460
476
765
384
570
77
331
809
480
906
976
578
844
353
262
573
719
8
653
928
698
623
799
847
127
210
859
624
513
947
296
203
79
904
770
833
460
505
241
559
147
301
896
667
889
557
347
670
115
457
237
98
594
530
320
389
708
391
534
967
237
868
745
121
958
72
158
246
572
77
671
966
196
886
632
241
758
308
834
441
847
817
327
347
76
585
829
48
308
717
711
374
293
674
216
340
233
66
89
726
482
722
28
534
612
667
354
292
274
700
931
455
172
976
524
676
799
172
526
879
181
845
540
816
431
71
396
135
585
272
762
170
693
814
306
870
922
22
733
533
117
975
965
152
425
886
860
109
883
196
498
578
897
29
678
51
101
210
791
415
237
977
347
498
173
714
383
295
966
854
872
468
968
428
386
147
486
868
639
693
609
703
418
18
800
894
516
863
910
154
23
199
957
764
514
885
282
999
796
464
360
435
684
160
130
730
760
929
779
768
132
269
184
263
614
711
81
128
648
525
627
257
837
213
593
51
672
300
77
923
897
978
337
636
513
930
371
75
240
393
809
571
885
165
512
122
998
808
708
484
240
404
251
14
97
289
538
853
964
966
541
960
158
309
369
627
511
817
852
334
402
612
855
94
408
500
426
978
369
101
425
312
125
54
174
441
19
437
727
18
808
899
354
333
706
568
6
943
29
958
731
595
406
993
277
215
486
186
917
46
417
792
593
334
175
352
717
698
475
302
177
226
818
141
588
945
255
811
882
952
157
977
27
162
763
425
980
416
103
624
673
917
876
255
347
332
230
204
894
465
688
174
447
757
116
986
780
382
867
431
636
86
485
289
217
555
643
132
411
7
514
774
311
473
907
970
367
388
634
538
884
870
699
749
641
955
92
754
394
747
31
532
756
146
878
798
943
742
796
977
98
134
713
83
374
737
790
826
413
717
234
2
92
721
972
363
407
533
339
790
284
824
50
553
739
226
399
737
308
675
863
304
346
540
426
792
566
21
389
886
22
134
79
338
784
578
91
759
474
497
720
998
772
613
118
647
696
559
850
58
344
219
603
258
769
801
886
164
823
13
455
88
42
217
489
781
687
914
992
321
881
456
837
769
873
330
545
69
980
674
70
504
940
988
362
695
66
557
61
256
706
921
861
773
399
213
288
585
225
719
195
842
212
387
24
751
996
871
764
484
789
697
866
380
519
815
138
343
706
48
655
844
470
169
832
695
799
666
36
31
751
666
643
986
60
560
354
922
475
652
791
196
869
589
15
941
362
981
517
104
475
882
643
31
68
325
477
478
25
416
492
422
240
108
97
360
168
849
403
975
112
2
298
684
508
911
565
772
211
212
737
989
468
195
434
409
610
14
495
154
870
975
225
854
668
683
741
445
984
956
251
169
99
463
541
68
304
54
299
713
204
454
622
180
326
491
477
363
675
466
237
697
740
383
3
681
172
409
807
592
573
419
177
246
859
564
199
342
171
705
507
627
476
633
886
269
767
106
953
533
460
970
638
886
54
513
330
509
279
589
718
866
542
141
502
278
440
282
2
671
564
458
675
171
252
359
592
722
521
744
785
118
399
727
523
743
305
371
982
738
981
670
715
666
43
553
283
58
586
807
100
866
252
432
332
488
523
991
923
408
396
870
628
575
83
615
68
397
535
726
471
561
967
854
159
337
309
993
6
170
738
13
462
373
314
115
974
515
137
33
416
378
47
850
409
80
264
572
105
383
327
19
44
426
316
788
296
95
811
324
735
221
263
290
711
816
606
827
601
211
175
277
31
781
834
349
489
672
391
141
514
341
345
448
918
36
572
336
726
563
173
778
736
612
689
944
825
924
65
720
180
561
876
426
544
948
37
400
36
343
606
385
366
393
566
351
349
655
903
578
171
5
723
419
7
230
472
494
898
601
169
10
953
572
408
634
850
845
641
97
418
414
216
818
550
993
205
894
793
269
478
274
237
95
174
375
54
524
533
443
147
158
945
281
894
277
867
341
734
848
12
138
275
925
218
167
842
773
862
775
209
955
856
936
350
142
13
374
883
661
952
745
140
547
30
717
948
732
46
593
565
206
761
282
446
475
6
608
370
6
914
360
831
516
758
756
124
637
505
513
702
906
967
567
101
362
770
262
563
248
128
727
132
111
109
656
812
921
435
533
382
835
743
315
89
774
134
910
456
402
760
182
761
11
284
525
301
832
660
300
226
162
530
759
46
90
522
686
221
678
58
318
781
118
120
599
688
113
331
22
201
741
436
606
43
215
766
451
206
368
668
208
323
137
290
689
34
152
79
163
489
115
50
251
288
812
818
76
68
638
386
933
497
295
965
610
499
87
206
161
862
16
147
496
580
558
682
430
711
104
869
711
240
695
51
372
512
519
159
674
868
549
501
929
134
880
625
384
818
682
322
151
670
696
920
510
390
64
138
644
582
3
59
18
529
371
397
401
178
783
310
617
306
997
571
284
561
951
474
882
728
617
532
134
918
505
195
192
417
624
480
445
199
473
361
372
686
351
585
578
137
484
216
33
260
927
420
716
274
605
880
726
156
995
180
36
13
179
421
16
596
462
534
927
306
81
799
429
5
170
270
520
820
676
364
810
883
610
801
395
425
113
521
302
768
713
0
2
717
861
661
357
297
57
748
100
695
35
710
373
287
85
572
361
82
362
322
508
831
503
393
471
517
620
623
897
266
923
731
393
908
336
451
118
926
913
32
491
349
184
205
757
604
911
772
454
596
876
202
448
496
157
572
778
944
677
953
559
555
568
730
247
587
27
480
341
860
327
692
771
70
784
477
731
227
953
77
296
690
731
429
316
5
381
106
667
680
477
360
7
275
616
287
126
642
767
906
129
979
619
495
902
776
730
28
976
933
74
391
438
276
310
970
633
455
471
996
634
126
388
3
723
106
292
152
964
545
795
508
418
131
364
370
987
508
559
372
77
3
395
547
575
922
709
337
288
751
514
866
927
730
649
50
322
696
612
472
755
655
992
67
976
971
163
708
114
193
983
637
680
451
60
536
621
11
826
123
927
227
926
802
242
595
909
517
484
892
615
620
866
686
110
449
171
53
640
525
355
113
584
957
731
29
468
46
239
584
571
231
872
723
309
54
723
179
455
197
489
119
830
598
185
236
844
61
203
503
978
301
694
666
125
550
77
995
580
694
236
33
888
573
202
353
588
101
266
592
216
961
914
697
345
869
47
490
995
392
104
650
81
445
635
373
468
176
93
572
611
255
710
870
970
910
900
427
950
511
679
995
295
994
469
522
271
826
470
287
74
704
738
326
415
292
362
338
190
905
293
255
802
737
900
495
576
777
480
530
369
621
754
740
205
719
699
458
976
252
453
53
162
807
570
330
697
107
740
89
202
355
948
509
648
4
566
891
180
790
589
214
845
158
731
227
793
712
676
568
853
395
212
866
50
357
894
504
905
81
151
738
593
221
770
70
438
153
612
163
355
877
403
71
99
243
603
47
621
253
145
958
854
199
179
623
403
784
304
118
111
102
660
516
858
208
463
641
483
207
231
72
87
207
2
893
179
762
40
73
118
7
608
698
882
1
235
644
525
66
62
21
803
682
548
8
366
99
867
664
120
351
757
191
536
99
994
439
156
461
396
369
358
413
939
365
170
600
706
65
895
259
194
957
332
102
309
222
660
526
654
81
709
463
511
987
734
346
123
47
591
12
541
815
589
455
376
38
974
421
905
910
97
729
322
478
538
497
121
446
925
593
560
341
633
817
797
811
119
819
661
947
371
85
261
715
930
430
921
767
804
886
592
322
429
854
440
103
286
467
910
160
985
21
689
628
765
917
600
598
6
470
248
948
569
978
858
421
910
944
245
102
431
813
512
335
288
858
603
857
464
772
54
195
71
305
441
94
304
425
886
173
649
795
892
521
888
915
14
708
697
920
780
332
181
946
87
795
717
507
930
732
215
637
376
968
56
253
585
163
939
167
305
480
945
299
130
716
217
46
464
169
634
283
325
481
407
955
727
207
930
115
679
992
244
910
916
783
451
754
487
994
149
431
255
47
125
869
96
11
4
757
320
588
937
579
50
845
948
210
519
194
783
73
401
637
510
437
697
64
945
703
44
716
439
895
50
826
669
633
296
623
256
287
214
29
231
127
418
920
437
7
534
966
773
782
248
635
230
692
425
355
865
77
289
729
801
705
521
816
859
800
296
576
165
877
458
980
780
792
957
241
529
32
830
617
572
489
204
457
179
842
787
320
412
162
316
169
554
165
643
210
453
889
498
558
789
390
348
280
487
517
99
545
905
743
374
132
955
986
85
848
622
984
151
974
962
24
823
907
506
505
682
248
315
964
900
529
902
386
860
122
969
22
805
72
36
915
886
311
874
377
76
752
383
908
637
686
298
574
337
321
259
655
277
594
718
402
800
488
72
353
722
122
641
107
401
566
115
325
765
378
691
775
655
385
5
569
278
248
308
733
450
985
898
702
356
728
341
354
397
100
892
244
574
176
632
117
280
275
430
908
397
140
635
907
903
930
361
844
624
268
58
268
353
284
74
431
759
785
738
52
651
69
209
402
40
604
478
707
202
878
220
528
846
527
117
277
732
77
578
79
908
241
785
723
608
34
457
552
542
254
634
808
194
835
432
99
497
845
818
77
456
633
53
513
694
817
415
702
887
16
41
9
43
17
68
955
70
91
207
940
513
512
631
943
649
574
689
304
695
925
700
972
232
226
987
48
902
715
217
541
478
908
157
298
459
330
193
130
427
278
813
928
624
748
273
856
546
429
435
912
676
522
118
983
20
82
636
548
486
973
620
466
683
417
895
307
502
37
552
195
735
157
483
246
348
581
440
492
245
585
847
747
390
133
397
942
138
432
104
126
838
998
592
462
972
711
711
91
266
578
714
939
114
22
216
85
835
442
722
106
632
194
196
794
543
445
44
66
276
942
520
516
871
552
812
288
491
693
84
866
529
280
351
932
517
210
805
797
454
186
818
498
500
912
939
268
749
428
736
42
185
778
803
920
175
49
761
784
375
236
54
9
281
361
614
53
262
256
297
895
790
486
830
548
705
595
395
241
610
240
492
174
681
613
898
234
328
954
166
103
432
485
383
359
500
851
455
494
966
202
765
122
873
670
39
145
400
138
69
786
477
858
38
311
483
855
773
744
816
155
92
940
998
317
388
916
841
207
308
992
614
54
304
614
489
650
60
792
639
175
561
366
846
914
974
307
305
416
651
436
417
124
242
535
8
351
648
376
176
469
939
826
484
861
35
204
565
226
221
1
775
304
726
373
197
624
773
405
530
176
549
990
49
988
33
208
0
170
297
596
361
29
828
356
993
871
102
115
548
317
724
597
225
630
141
895
993
324
851
314
70
518
970
476
618
693
985
288
574
165
191
127
700
702
560
255
854
604
440
571
568
428
174
715
307
761
245
181
380
5
495
364
973
331
515
432
11
837
257
718
696
161
979
682
945
122
126
434
378
548
705
653
736
487
54
571
103
40
431
942
486
244
634
658
816
471
967
553
28
141
186
683
631
254
869
668
832
39
160
957
476
926
651
671
76
238
18
390
596
781
882
283
885
970
140
612
309
66
207
232
221
140
979
749
243
508
788
189
777
862
699
361
126
772
979
100
900
313
130
707
298
334
575
3
138
764
987
955
461
212
603
20
358
796
253
959
764
259
456
741
948
814
193
29
903
12
724
337
896
231
559
674
88
252
741
62
949
797
794
190
648
508
546
165
351
419
799
198
723
810
387
517
426
777
730
121
447
150
172
712
40
561
649
147
680
591
637
420
79
892
119
670
79
291
453
611
168
443
282
668
478
970
346
404
809
749
37
645
534
356
867
248
452
832
151
367
617
910
311
358
430
456
395
753
24
634
531
927
921
114
238
112
527
51
128
682
610
548
251
618
700
373
914
362
772
617
458
349
43
507
298
923
123
18
693
649
357
878
13
144
474
640
914
50
892
565
547
864
326
412
148
135
153
376
137
700
552
383
601
422
398
412
695
323
31
226
261
110
548
570
618
991
835
511
662
851
967
296
443
85
131
934
679
605
861
46
455
304
97
481
21
457
258
394
85
159
705
616
221
894
367
525
859
122
69
637
476
425
974
299
449
945
723
57
900
211
160
567
972
910
389
846
798
638
264
725
613
262
144
307
99
147
717
294
40
819
382
284
289
231
971
64
685
973
709
847
45
217
754
91
658
412
397
303
419
461
886
181
678
88
334
77
63
252
566
166
720
362
200
298
144
34
613
349
830
856
681
486
751
431
108
577
431
172
770
28
12
199
661
505
705
326
706
516
458
442
177
165
483
421
929
952
486
380
852
419
285
746
910
47
532
974
356
883
771
942
907
85
115
971
262
714
374
822
444
873
500
956
488
355
939
598
427
101
710
428
776
505
313
188
422
954
308
509
163
439
951
936
119
890
901
905
423
256
924
355
107
515
44
882
426
695
949
189
765
723
774
347
769
345
595
420
920
215
407
244
26
878
194
532
240
746
189
978
714
155
852
858
313
164
890
84
591
491
708
416
230
144
118
848
815
177
675
613
92
261
796
236
576
800
590
265
13
774
968
709
765
867
909
733
821
891
176
507
343
245
125
433
328
117
752
491
266
210
48
396
74
877
83
548
740
612
408
136
397
750
105
626
346
352
640
539
375
655
747
638
179
430
907
551
474
674
161
612
2
156
538
259
218
664
53
324
48
924
18
840
106
338
870
874
752
73
612
533
704
305
558
510
425
790
780
547
836
807
172
860
39
463
226
921
324
411
130
253
91
846
44
929
763
786
943
372
182
231
418
129
678
505
967
698
706
805
496
588
566
787
14
194
690
83
448
30
177
729
841
102
828
227
597
724
976
693
877
120
366
762
673
673
458
342
742
394
550
690
65
306
496
80
866
350
865
471
331
163
239
113
427
647
285
651
582
399
569
84
168
359
631
106
250
205
884
954
292
30
246
934
52
493
138
964
6
913
845
284
28
55
959
178
231
744
85
438
463
365
815
32
415
479
905
439
45
691
477
667
433
351
216
457
515
638
292
376
122
242
439
682
946
371
2
893
774
330
452
715
423
419
432
30
859
579
948
672
281
261
507
858
620
948
718
987
302
388
902
68
543
9
589
865
286
5
246
346
448
348
370
739
206
827
661
929
219
136
352
223
367
275
464
327
950
421
71
452
285
320
665
215
773
199
305
233
272
711
717
513
588
591
31
878
814
244
118
160
248
640
541
10
806
179
514
226
694
451
962
516
591
704
187
579
187
803
426
921
615
704
494
722
866
857
84
396
268
790
940
578
946
658
539
153
359
959
43
58
997
260
609
650
140
742
597
38
338
197
391
571
124
665
568
652
899
797
383
365
619
746
477
856
648
302
667
46
274
687
650
681
410
387
131
223
877
562
704
361
881
766
706
325
558
129
149
873
175
832
9
289
936
87
995
554
634
229
147
584
358
665
919
373
126
909
712
411
770
450
530
132
649
437
474
64
470
632
124
71
125
468
715
247
86
181
508
120
290
174
732
862
211
127
113
463
513
988
831
126
274
928
549
127
649
986
167
635
203
103
669
519
518
984
315
216
419
629
482
818
173
649
775
17
386
464
482
471
42
791
106
247
174
372
216
169
994
429
17
160
126
165
104
912
65
972
155
980
79
422
828
335
486
479
994
153
531
765
185
964
130
103
984
928
741
388
434
508
436
399
928
493
862
834
965
764
351
105
249
291
3
248
209
944
66
335
639
110
781
509
670
168
64
947
210
519
272
746
325
438
438
71
796
228
60
358
308
473
368
830
911
405
383
723
203
37
700
129
93
463
297
176
297
657
541
195
662
413
854
909
456
448
801
630
957
690
160
146
565
560
515
675
515
313
666
624
369
126
506
854
803
830
30
870
875
128
128
31
517
202
600
270
611
609
268
875
508
482
89
765
688
665
833
944
575
976
93
191
483
611
780
581
819
257
189
624
962
165
106
648
551
517
110
612
558
347
920
614
143
403
104
480
309
12
1
254
130
394
927
590
769
707
227
158
484
833
6
933
567
704
322
85
141
424
543
951
745
740
316
503
927
524
180
249
812
249
108
533
124
535
457
615
667
55
423
978
46
846
736
221
378
264
337
158
957
793
84
695
604
918
353
207
453
655
86
194
262
71
649
787
261
335
995
57
833
112
887
511
513
623
659
537
836
790
583
532
576
929
404
949
247
967
103
469
983
338
381
363
401
367
761
266
149
769
876
100
139
755
244
544
797
926
848
928
827
42
131
110
103
408
504
512
539
23
509
113
775
621
882
730
263
841
451
833
692
783
692
857
138
683
525
634
338
321
631
834
921
204
462
412
241
310
335
577
790
112
459
204
987
522
661
201
22
85
672
129
626
287
828
903
364
247
171
655
712
809
591
624
204
276
231
967
525
682
946
30
225
144
715
653
77
560
117
912
608
43
248
104
55
234
924
439
338
614
262
558
559
430
641
361
446
146
431
382
93
78
104
457
357
849
674
452
100
526
602
85
860
778
642
24
147
543
179
127
261
145
285
303
584
192
645
37
94
821
765
577
912
784
138
834
608
609
379
833
712
413
565
946
905
243
263
929
671
872
282
329
779
248
136
467
857
606
794
573
116
430
810
249
550
593
632
367
388
697
579
109
400
485
406
110
17
742
854
705
457
611
713
565
526
219
585
633
283
154
536
280
623
685
14
172
102
265
193
426
783
200
829
440
950
206
620
658
683
931
336
250
939
426
439
513
117
10
37
929
831
818
344
238
785
722
768
669
338
831
686
2
635
96
159
224
281
847
656
61
143
122
572
308
379
947
756
551
311
620
615
100
835
855
946
847
377
725
337
601
785
293
302
856
463
247
473
479
377
345
290
255
85
443
227
629
875
310
217
518
158
474
4
129
929
720
629
44
695
69
392
914
340
921
186
371
2
334
317
692
55
213
785
336
109
445
213
815
889
389
862
879
849
348
607
80
879
143
170
852
483
715
246
95
497
188
810
627
974
461
640
503
497
625
965
329
103
497
9
10
415
558
290
793
96
370
926
98
983
818
136
528
933
207
618
176
817
838
901
633
546
84
268
25
416
565
376
953
99
855
807
900
580
395
358
884
523
556
641
334
440
947
120
255
990
745
637
270
460
118
211
92
566
242
969
985
892
451
655
89
882
663
673
487
344
50
481
168
738
505
73
788
210
232
970
145
508
649
535
496
651
478
749
332
634
633
383
888
374
505
396
544
682
416
308
314
194
572
28
358
565
474
182
469
157
345
93
702
96
822
255
591
980
636
315
681
798
303
557
780
604
617
519
590
180
196
59
238
292
48
463
325
276
72
103
232
441
232
385
895
275
594
77
529
104
49
732
860
554
653
411
791
391
249
664
123
41
737
212
426
557
840
737
638
591
24
77
477
54
36
535
387
315
339
226
904
744
909
849
284
383
739
810
825
448
530
566
40
143
896
159
590
813
970
58
560
750
181
519
148
124
172
487
2
170
858
798
316
523
680
537
761
979
200
722
632
246
395
145
860
280
881
701
986
413
39
963
747
370
974
254
734
539
561
208
957
310
534
64
443
824
257
925
332
183
798
290
742
928
982
418
31
530
19
46
719
75
79
708
319
353
490
746
570
323
323
227
467
353
873
169
511
169
346
933
428
892
179
299
458
632
929
889
233
351
992
809
668
584
394
108
325
748
170
330
232
100
617
560
140
898
265
665
823
909
617
504
946
144
576
172
701
397
613
853
771
718
366
478
490
92
23
468
436
124
342
518
681
791
573
14
513
760
687
743
924
692
943
838
172
733
877
742
398
327
682
863
413
287
830
951
455
816
744
652
92
496
918
0
348
914
53
885
280
973
539
3
509
302
4
929
92
129
322
248
557
126
752
262
317
465
192
529
77
34
67
778
590
791
698
29
282
823
426
30
140
16
269
222
978
586
679
254
617
254
734
571
499
26
406
651
645
574
76
159
716
932
777
993
689
691
833
344
305
468
28
329
642
353
981
512
347
459
122
392
356
315
363
231
550
931
270
421
412
917
65
191
42
452
858
695
77
859
364
14
555
635
235
917
804
360
130
160
177
966
683
868
76
128
39
387
121
273
166
453
331
14
257
617
737
676
333
845
370
638
683
826
479
170
391
723
801
933
830
399
339
452
755
773
705
564
715
144
465
852
959
955
344
834
706
302
97
978
428
658
113
54
302
898
70
59
39
162
274
880
7
28
482
861
698
449
172
873
462
941
80
996
713
854
254
327
517
590
656
872
869
375
9
650
853
294
631
45
300
211
21
762
477
560
564
201
607
264
260
590
706
163
309
706
995
871
90
358
450
624
800
165
657
491
227
418
87
951
10
544
958
102
4
817
410
379
396
617
84
148
217
395
525
601
504
740
879
285
278
311
616
493
456
265
992
295
862
262
877
445
600
731
605
858
647
502
397
276
23
547
695
978
219
720
353
384
634
995
171
329
473
251
16
460
865
412
578
866
402
375
680
295
408
688
497
991
533
258
77
915
343
264
817
732
371
214
436
584
442
432
648
330
955
688
235
126
42
446
622
5
799
91
605
126
914
254
465
807
174
971
979
906
795
409
490
874
936
435
214
448
680
841
126
337
701
120
511
803
851
271
69
840
166
731
887
969
446
174
542
167
778
211
519
958
131
685
26
892
642
464
713
792
253
616
620
958
382
25
901
906
164
623
368
754
78
367
341
33
413
254
728
890
713
296
465
962
879
859
8
297
378
829
307
913
536
980
420
288
598
261
884
27
702
374
933
620
735
448
670
630
462
367
831
885
44
764
936
444
416
605
222
393
959
971
30
443
753
220
12
215
110
506
526
863
960
925
684
637
802
708
699
15
90
985
323
19
995
62
478
572
126
354
186
973
129
80
496
958
137
762
693
189
373
50
241
822
746
274
279
494
406
565
604
548
103
948
252
482
252
389
913
691
471
906
229
621
329
334
442
672
302
557
191
839
771
468
102
415
949
790
644
438
763
881
449
767
87
625
329
722
129
163
258
248
229
429
342
712
926
820
723
908
107
925
738
432
616
248
533
563
696
370
908
670
858
506
882
613
938
750
307
212
937
711
112
637
487
619
559
879
448
609
853
696
717
786
605
646
381
862
310
594
731
580
471
254
66
735
974
905
630
661
674
448
613
881
429
887
342
540
878
777
120
991
390
172
614
356
730
25
769
230
96
475
343
214
701
205
923
79
846
96
149
988
886
181
556
201
584
136
737
856
573
319
325
701
551
650
357
219
855
834
341
256
676
582
363
502
238
868
198
268
42
357
95
501
438
724
790
647
768
464
160
527
114
744
911
691
440
311
283
23
693
129
656
524
419
396
399
206
921
538
50
245
922
422
306
495
260
876
107
947
294
591
411
113
13
477
119
128
745
517
38
16
692
989
666
602
115
877
444
685
399
608
567
634
38
971
472
402
550
462
924
510
362
644
299
542
216
806
651
630
505
500
816
47
35
750
483
506
836
320
193
131
984
725
765
275
221
325
824
717
13
634
816
958
523
855
15
271
474
506
606
28
186
668
121
258
180
542
220
237
616
430
494
335
796
26
893
528
728
444
371
770
89
495
592
132
219
169
991
658
506
842
309
139
66
68
535
163
549
514
612
705
69
86
668
155
155
438
54
129
400
463
504
488
185
709
450
89
472
866
740
361
233
173
714
457
314
852
420
336
71
845
555
576
628
273
881
278
653
450
817
102
498
391
319
631
751
198
288
563
963
169
317
98
383
812
236
695
218
653
680
723
410
965
946
728
685
918
384
296
81
270
444
616
569
875
528
23
665
439
930
276
188
175
858
959
884
398
451
781
417
671
297
562
197
330
304
723
912
54
662
26
272
665
594
589
116
740
388
624
848
403
126
698
835
155
276
398
167
292
400
628
441
585
801
231
874
957
845
335
405
425
285
722
26
892
384
158
922
450
466
155
420
80
326
679
639
486
562
865
169
949
746
58
168
876
800
633
543
350
482
94
611
342
668
401
879
534
864
372
964
108
107
6
309
22
369
585
226
255
716
247
27
778
385
417
599
271
908
39
117
36
518
207
100
62
467
215
638
128
705
797
34
458
733
330
874
502
792
2
338
887
123
192
683
747
374
191
622
835
823
555
708
336
721
561
22
16
187
381
313
537
347
451
812
422
82
416
981
583
594
425
608
982
869
484
281
79
696
390
941
807
552
884
700
825
20
798
954
973
107
945
182
882
319
261
330
557
666
382
996
659
631
334
252
547
197
435
703
559
495
932
915
532
648
794
677
872
805
773
55
876
355
557
262
75
683
906
275
298
307
646
24
535
528
961
373
462
584
29
331
690
380
259
794
834
206
885
494
101
95
790
839
846
300
695
73
747
58
52
920
18
911
526
440
653
531
450
429
553
592
242
822
305
886
954
640
104
402
125
512
927
367
601
704
107
157
905
334
626
361
42
657
432
158
336
286
173
819
393
762
978
324
954
265
956
709
121
406
911
956
779
59
254
31
174
939
290
454
98
807
162
370
900
998
962
38
827
944
511
29
902
69
73
964
341
785
754
706
776
163
766
133
245
967
547
422
694
648
204
496
17
218
592
788
938
575
904
857
742
696
641
195
1
398
119
473
947
713
67
731
919
873
982
508
684
803
526
804
327
359
296
666
240
800
415
784
844
371
963
230
499
396
798
44
467
453
963
122
381
183
824
499
534
78
886
737
928
641
702
370
922
416
118
892
638
753
685
453
594
27
947
550
273
332
4
232
218
289
166
728
81
533
905
183
285
444
607
717
338
519
76
239
543
818
704
646
987
316
714
283
76
768
375
288
376
298
540
112
463
547
160
953
89
297
285
657
284
521
217
727
872
982
975
460
703
150
884
945
591
163
71
458
394
935
872
460
184
124
941
963
323
291
16
471
43
588
661
416
395
213
195
287
92
846
680
775
664
652
970
420
890
236
116
627
636
995
469
394
673
308
303
689
132
401
215
266
881
717
288
956
162
546
125
766
621
127
799
858
372
148
147
712
852
752
464
597
571
531
143
963
883
384
980
963
980
645
644
400
905
734
679
398
114
430
304
307
682
344
963
772
986
582
239
236
349
359
292
568
717
246
438
350
454
393
346
312
98
679
832
715
485
189
370
325
457
595
364
134
333
522
525
814
881
785
709
24
782
745
263
205
507
965
841
52
627
574
801
728
237
742
714
130
356
139
688
481
385
423
112
480
229
421
932
671
883
710
198
884
917
334
834
867
126
864
16
107
936
441
538
132
63
731
99
110
782
840
449
539
536
419
765
960
90
537
353
495
799
125
985
937
587
749
716
306
437
7
196
101
54
240
469
371
759
590
203
662
699
820
263
634
304
438
179
662
468
102
747
63
117
222
223
78
993
887
414
739
55
42
861
698
950
724
833
221
653
455
417
106
35
879
295
758
224
458
617
522
283
620
99
382
309
545
7
51
629
916
920
773
742
272
290
336
958
845
358
386
593
278
774
306
390
248
900
672
583
341
447
789
519
562
648
620
63
990
538
377
593
204
321
248
545
354
244
305
712
363
102
499
339
666
409
975
124
432
60
759
887
768
982
486
992
137
963
641
515
340
192
655
115
391
657
861
423
64
819
901
211
702
70
887
403
580
403
832
733
439
175
99
87
843
942
718
118
825
564
702
17
964
984
493
421
548
530
75
786
762
822
266
518
861
833
271
977
332
475
910
777
13
510
469
583
254
150
131
145
74
530
290
601
886
570
348
638
92
793
442
329
232
629
786
835
505
981
833
237
354
986
319
184
98
816
267
991
577
607
151
617
68
966
750
819
250
783
218
726
567
329
282
356
73
97
460
121
106
130
688
808
734
472
950
411
213
103
127
679
971
721
586
751
494
999
192
136
247
559
418
941
861
808
772
459
310
186
601
240
568
921
105
760
607
804
0
48
776
400
609
159
253
771
947
521
313
782
354
766
31
546
33
674
526
926
319
911
16
495
992
584
835
482
822
150
303
798
983
753
777
70
432
463
591
677
130
273
917
954
900
838
568
958
233
615
153
100
724
198
916
801
569
913
586
36
198
251
964
447
722
12
641
654
244
303
737
304
39
181
970
252
956
465
179
494
497
52
72
610
481
25
629
519
276
587
702
760
825
781
855
79
585
683
63
331
157
608
635
156
659
255
408
596
44
741
608
184
314
871
809
919
784
544
586
706
602
30
103
389
688
910
895
197
484
148
477
691
908
752
276
72
284
333
598
769
148
212
414
468
554
25
469
819
985
124
642
826
346
498
445
916
2
21
590
714
644
697
817
654
696
864
541
373
221
857
950
507
642
101
47
500
795
66
51
128
362
347
702
750
157
615
352
892
607
249
562
182
601
913
988
933
649
985
430
714
387
98
838
107
368
615
305
229
765
378
365
380
125
15
862
454
921
766
719
590
39
876
556
560
201
444
166
728
592
905
599
696
944
392
143
121
325
180
645
90
431
178
185
975
178
374
34
91
376
773
644
842
763
933
436
912
838
842
727
30
740
330
984
558
435
211
480
893
210
435
339
848
841
512
793
730
351
122
250
757
34
222
493
735
706
668
186
783
447
187
319
320
5
483
480
645
877
787
203
789
878
468
547
218
355
30
434
324
638
474
197
115
485
295
139
917
189
777
910
517
45
391
93
405
228
499
33
13
133
24
934
668
881
583
84
550
110
210
399
926
959
789
148
542
867
314
422
990
227
404
63
705
654
270
170
814
712
268
473
821
379
586
498
944
931
532
816
836
321
366
639
960
464
413
727
518
860
589
685
415
228
445
455
508
917
632
174
402
617
357
521
406
335
41
991
57
437
51
29
709
516
641
681
641
163
905
214
698
990
106
10
75
600
940
84
29
247
957
465
514
871
782
248
207
266
717
245
937
502
556
828
209
231
778
255
978
295
41
9
378
259
912
211
480
608
217
230
13
606
253
371
286
259
79
848
377
747
615
60
69
623
984
741
783
851
587
55
466
493
813
559
263
50
351
377
862
515
749
831
844
497
129
27
573
260
928
863
939
666
493
275
199
990
645
879
752
71
243
586
394
620
125
42
929
524
903
796
710
210
758
942
545
40
559
3
96
587
529
727
790
456
480
699
95
726
372
476
611
364
218
551
306
932
169
376
359
152
344
27
304
275
917
970
548
596
49
137
526
807
994
990
233
860
305
340
549
644
214
114
265
745
352
392
305
845
281
210
714
182
586
136
483
992
883
980
463
604
5
237
328
720
419
20
518
166
758
782
144
722
129
34
954
78
549
283
751
8
550
239
25
942
301
617
40
801
454
852
999
816
597
385
757
286
117
147
226
743
233
273
720
631
599
60
397
3
313
209
494
460
742
49
733
305
833
775
862
836
720
354
815
761
895
628
326
626
78
209
887
734
185
868
142
203
246
135
882
473
748
818
475
169
378
110
150
990
822
114
790
395
448
373
900
814
269
517
570
91
816
8
901
595
438
57
530
198
984
861
178
983
255
262
825
568
891
943
531
190
204
178
759
469
621
919
193
127
918
109
51
657
985
158
843
95
879
366
563
841
636
652
389
342
600
500
533
248
463
28
772
712
588
942
426
979
137
350
268
164
178
660
350
765
763
396
394
313
230
524
178
748
474
813
794
436
616
158
546
193
728
893
874
908
572
655
471
4
947
683
877
934
913
466
845
14
468
577
410
105
578
298
566
229
522
536
82
163
504
130
366
156
997
722
13
442
429
302
901
88
379
750
109
757
355
791
400
700
710
447
154
175
539
426
480
294
251
829
277
499
526
817
521
976
101
50
540
987
960
137
445
936
513
270
996
263
800
402
670
48
8
100
298
236
865
610
159
342
583
355
649
730
780
355
796
725
786
534
680
830
564
616
854
178
645
85
209
630
144
36
104
209
329
985
851
79
140
827
404
238
886
899
41
690
192
847
767
636
779
414
529
35
8
469
441
609
983
153
293
345
651
933
638
495
163
438
533
809
780
557
735
236
46
366
235
523
292
439
265
635
256
122
894
210
590
390
773
250
23
323
504
208
345
605
767
682
909
915
935
305
498
480
767
827
328
474
888
147
439
705
147
813
609
138
919
276
973
580
907
519
173
491
432
564
154
532
707
939
183
456
290
527
140
548
69
888
52
367
295
332
593
30
60
951
214
597
925
233
420
975
226
759
289
512
848
532
303
161
771
897
817
756
774
747
619
216
768
461
914
543
697
853
778
230
909
995
359
221
408
855
29
783
371
778
212
524
390
849
614
213
223
349
627
632
665
246
448
909
785
585
131
616
437
103
618
393
390
352
852
384
199
232
191
412
6
9
996
85
411
25
281
144
654
782
109
484
886
919
201
19
759
924
829
787
268
481
33
342
686
591
645
815
843
763
666
773
282
115
915
340
830
350
254
914
913
76
976
832
299
670
824
514
659
839
890
681
117
931
615
174
541
438
210
593
219
393
814
52
912
152
919
857
512
959
391
451
335
343
922
84
873
252
555
490
173
849
640
967
785
245
948
185
724
319
700
920
920
608
292
863
399
641
946
484
960
765
610
955
585
88
324
535
519
656
4
154
316
170
625
512
712
992
752
407
491
122
249
882
642
978
890
399
968
261
146
260
855
759
665
825
583
510
543
530
486
490
842
612
592
483
68
762
281
819
579
912
889
589
906
920
488
383
929
515
170
852
353
43
212
709
139
734
504
969
385
837
733
138
341
6
299
91
944
751
445
382
582
972
759
698
8
362
970
478
865
109
278
719
382
111
760
464
216
858
548
290
108
576
325
297
604
449
986
994
679
165
403
186
439
130
197
121
266
352
9
463
219
43
124
93
33
793
331
415
912
573
477
456
718
219
501
206
337
93
232
888
376
813
156
278
735
667
322
152
911
458
629
154
573
918
563
366
18
841
164
498
307
294
536
379
905
893
142
186
539
753
403
630
659
854
183
251
119
63
510
553
625
831
797
840
417
606
708
626
801
590
675
729
849
639
0
900
572
312
768
100
578
822
123
771
296
570
837
7
533
606
466
11
303
512
122
192
997
715
926
354
526
498
386
133
50
262
163
18
839
306
306
820
423
125
41
792
343
591
574
996
59
16
846
143
752
893
852
890
931
820
682
29
321
675
526
117
22
252
881
733
273
828
325
370
336
756
365
100
232
974
561
513
608
820
865
724
70
718
106
926
434
3
623
988
994
282
898
562
709
737
499
901
428
717
800
479
950
779
22
263
915
55
838
95
387
211
300
762
264
387
716
837
785
846
494
566
873
671
244
194
120
813
385
843
303
631
348
258
961
532
732
545
792
362
319
125
742
957
878
122
558
651
619
7
98
902
758
187
662
10
484
55
397
847
930
38
578
416
760
60
666
317
9
907
712
7
625
763
312
490
888
898
392
384
391
826
852
763
440
811
122
354
875
193
981
640
550
431
221
202
165
83
423
944
851
700
505
221
487
18
105
50
642
117
190
272
15
768
591
685
52
255
155
112
849
271
145
568
223
589
577
307
402
73
730
723
586
508
453
357
503
672
193
308
475
192
521
964
420
80
923
499
433
798
883
813
13
960
527
671
642
80
508
403
417
318
377
166
263
772
514
887
985
56
248
210
747
541
7
155
869
859
592
238
376
112
176
870
80
15
65
29
66
96
559
980
95
184
222
59
721
699
170
635
118
807
6
970
75
667
649
431
35
975
638
902
768
102
52
54
937
729
830
689
237
526
490
948
430
49
255
457
825
585
811
545
726
647
803
5
635
306
968
726
534
615
702
531
218
63
581
252
345
712
421
205
227
953
46
805
358
904
302
847
463
495
583
216
272
303
576
235
322
659
394
401
85
504
254
133
357
987
445
471
7
348
576
863
61
121
417
701
150
982
714
758
314
348
309
833
396
119
323
547
593
13
345
96
816
452
367
987
914
26
611
72
500
635
326
224
91
471
709
373
23
130
747
918
315
296
28
933
612
448
877
638
927
192
987
643
264
42
178
39
33
29
959
535
504
47
71
280
692
834
81
908
833
972
721
327
889
652
998
937
606
185
207
869
829
341
866
690
605
170
421
575
953
540
353
228
946
439
43
62
961
274
68
820
611
909
20
488
557
886
922
392
938
842
39
406
59
371
813
540
654
813
434
548
939
493
641
871
555
676
770
340
89
248
728
667
957
955
396
107
791
169
256
961
577
172
239
385
400
586
803
850
404
722
79
950
974
290
815
71
538
700
684
848
757
907
28
434
720
137
665
158
158
130
368
891
666
6
734
144
429
986
102
628
719
961
894
972
371
722
155
253
672
466
745
595
132
331
688
457
548
788
475
354
178
259
610
855
687
488
587
825
977
964
117
770
638
139
405
847
929
813
85
497
444
307
281
557
711
528
107
424
336
558
842
910
932
43
551
341
61
75
856
774
437
376
8
524
305
710
582
8
241
212
549
771
215
265
685
981
14
435
671
143
549
174
79
244
292
362
205
725
622
998
268
605
152
772
847
257
809
373
384
157
690
798
403
859
752
299
947
85
280
683
979
541
594
372
864
578
617
793
805
270
74
801
847
903
563
562
994
227
110
437
907
735
382
76
488
432
464
73
892
51
78
529
544
203
520
201
174
570
292
303
32
290
760
876
217
755
597
689
185
40
575
224
311
149
978
780
858
52
399
100
177
872
463
996
628
993
247
556
890
914
260
860
316
55
201
88
66
987
439
185
676
425
213
133
124
81
936
808
786
629
780
203
824
740
52
964
480
735
870
341
650
739
954
57
234
886
325
684
450
925
601
547
940
693
207
109
170
177
432
448
457
660
472
750
619
583
180
545
492
301
126
541
232
980
830
181
651
759
395
689
489
98
82
198
591
582
846
174
641
126
201
986
574
832
442
422
17
832
280
708
577
218
158
915
475
543
135
448
342
233
155
902
903
610
139
27
534
410
362
363
25
280
4
336
520
115
139
674
769
425
968
188
93
135
751
71
818
530
142
235
530
758
919
971
708
461
355
776
818
850
90
785
715
798
857
874
665
667
579
42
693
264
955
113
82
284
328
162
767
622
378
149
961
668
476
320
825
226
267
191
777
998
542
634
861
42
567
366
288
234
489
142
740
758
209
4
566
785
722
346
425
163
396
190
522
116
956
454
700
147
738
408
125
766
639
109
984
178
198
814
957
910
701
831
158
587
955
380
555
646
404
634
264
537
307
287
621
142
663
652
382
38
889
489
860
186
173
258
973
271
607
609
383
679
456
580
563
862
209
385
967
690
23
343
516
327
944
295
578
442
773
274
288
380
632
196
128
177
343
138
242
193
138
304
32
647
402
638
867
969
242
860
708
167
99
571
85
927
698
534
697
527
405
457
128
693
366
216
592
780
758
884
577
552
462
450
279
268
362
796
582
562
351
339
665
139
559
725
867
159
218
716
498
799
551
184
984
464
516
166
828
387
898
712
361
692
740
223
21
888
497
158
356
730
624
289
406
327
204
294
198
352
176
482
949
776
844
215
231
455
833
589
396
742
186
615
273
924
155
727
64
201
910
676
829
601
172
563
947
34
777
540
175
338
35
935
2
331
324
87
845
392
790
189
72
245
918
360
363
833
916
763
969
23
578
775
82
38
363
483
824
222
895
273
492
452
516
340
289
224
438
951
937
972
650
134
80
647
263
331
510
739
255
826
744
524
653
262
185
875
358
64
485
433
581
917
446
0
130
119
659
566
507
967
381
467
934
521
628
54
333
920
658
698
963
572
78
527
926
953
347
446
37
947
594
101
732
366
934
788
878
162
942
591
26
143
184
45
721
69
604
456
111
368
351
270
784
586
641
439
61
745
377
592
143
2
31
8
187
366
914
361
551
285
419
649
132
728
418
913
580
267
112
430
990
922
501
750
791
611
90
789
899
309
377
121
373
496
660
826
891
741
412
999
734
694
819
213
601
585
987
17
871
458
240
207
1
143
780
403
312
391
762
225
920
397
53
881
214
922
257
813
732
321
818
253
267
295
852
875
848
123
163
571
977
218
525
373
585
438
532
766
466
759
976
283
779
306
708
383
179
634
351
111
933
20
126
877
13
224
680
810
1
756
283
456
539
979
949
398
590
223
861
876
94
314
963
850
469
643
709
717
572
215
916
986
431
294
391
661
860
471
910
620
989
519
745
127
988
710
713
803
735
994
775
976
132
512
477
400
926
560
26
169
720
177
146
820
265
141
732
598
721
726
902
487
452
217
86
242
13
466
770
68
916
792
811
577
3
274
717
595
493
754
226
996
672
425
679
582
420
411
639
952
764
908
927
948
669
204
371
191
861
767
215
721
134
968
871
926
619
447
794
148
618
768
173
493
803
94
373
431
216
959
431
187
717
794
243
195
561
911
798
871
269
62
895
178
101
650
461
8
989
807
110
427
694
922
867
926
745
712
66
41
684
490
260
574
562
391
89
4
455
546
400
450
997
262
108
742
864
815
611
311
841
58
208
383
217
80
836
61
156
736
512
42
960
947
110
51
310
867
617
38
320
166
738
528
596
135
365
70
416
214
491
59
926
601
152
626
394
419
744
636
482
852
982
651
589
890
797
128
223
550
963
546
764
66
275
745
642
681
161
170
389
679
99
211
325
227
150
346
2
194
551
657
891
839
660
668
291
655
738
982
125
769
247
969
802
158
538
708
201
829
138
170
286
819
269
233
69
961
931
392
528
670
353
869
880
6
946
317
889
659
179
597
562
171
501
257
627
130
121
531
894
666
991
854
787
553
896
555
751
682
133
428
333
957
543
983
201
987
992
638
384
93
201
156
403
709
278
322
766
983
983
828
604
745
24
821
213
881
476
650
987
38
917
773
185
713
111
217
629
949
630
326
183
693
716
581
778
653
40
894
692
261
148
415
769
241
829
329
292
811
873
422
416
533
355
869
491
370
114
57
196
149
140
198
567
44
469
830
71
510
236
587
516
818
240
382
781
794
678
984
855
200
479
814
934
136
504
738
68
206
977
960
496
841
786
886
224
273
802
64
458
477
531
371
759
592
715
320
129
740
828
747
215
679
286
740
998
510
98
293
603
279
954
350
838
675
280
678
249
516
893
179
370
148
267
332
812
758
93
788
789
808
445
697
483
961
190
382
784
943
627
798
960
957
367
923
865
227
319
750
379
526
517
111
799
810
774
214
244
877
30
851
992
421
450
572
20
533
311
357
795
956
25
173
645
918
367
878
471
536
277
93
757
830
745
763
458
447
594
43
263
747
710
309
299
467
212
690
754
731
209
321
256
996
910
922
336
620
241
616
808
266
515
356
399
268
19
240
619
667
489
569
948
250
685
466
221
691
81
492
788
131
204
434
951
903
417
436
49
367
575
578
821
313
842
539
731
457
610
454
577
79
898
58
324
578
108
593
367
836
323
538
402
926
753
287
455
214
594
924
745
237
784
402
710
966
280
762
119
860
622
517
885
451
477
964
518
465
425
236
832
270
720
508
749
315
606
50
64
927
472
18
24
856
116
0
466
976
71
497
267
717
991
813
886
173
402
96
835
729
453
905
969
594
202
434
621
346
884
785
867
669
765
470
893
463
955
22
338
255
134
103
56
580
253
926
181
639
225
77
986
426
73
385
922
799
984
235
985
844
772
901
744
757
704
79
232
771
445
82
365
643
908
830
774
314
8
479
393
400
250
725
556
994
532
892
626
573
657
952
914
712
820
701
598
745
433
607
99
106
634
838
612
909
979
972
812
94
688
65
939
169
765
670
537
883
373
217
505
533
103
977
192
94
878
299
590
40
544
628
187
807
634
376
398
517
450
250
42
873
861
780
491
352
970
433
560
853
510
586
544
222
881
54
938
287
393
5
903
515
150
303
67
55
853
824
68
89
105
735
906
681
391
920
512
288
817
886
201
206
918
493
215
344
231
583
448
58
413
941
746
736
41
752
249
580
604
48
758
947
176
621
18
328
206
588
955
470
706
557
606
96
172
635
782
67
145
547
195
23
817
121
119
665
458
607
117
885
725
879
859
338
879
218
170
470
371
322
331
628
717
22
628
682
914
748
531
720
831
820
755
574
783
137
509
958
857
459
928
322
425
652
788
903
414
192
27
538
12
464
641
113
683
48
998
437
151
535
777
326
177
392
111
952
158
783
732
965
911
949
418
252
745
208
520
280
125
93
124
508
323
23
212
973
882
220
618
912
723
206
854
302
55
608
656
172
14
585
558
200
274
142
122
882
787
123
984
735
108
57
942
436
630
47
861
953
812
778
496
203
766
703
355
294
18
163
421
795
863
113
848
103
516
147
57
428
793
708
435
228
444
878
369
923
559
88
892
956
415
778
585
182
552
707
663
345
368
179
615
460
746
365
189
576
955
271
574
723
530
13
386
414
891
698
628
879
565
897
704
582
85
932
941
570
418
402
418
188
90
822
318
583
301
382
722
381
129
633
738
606
133
588
141
341
659
15
888
763
471
499
185
360
733
71
563
630
530
708
822
721
153
685
249
428
1
171
314
46
717
240
180
229
572
491
259
521
938
979
724
572
167
655
481
977
414
380
323
635
889
49
560
303
203
176
304
500
150
710
691
721
454
453
13
56
646
743
324
627
138
559
817
156
140
626
293
49
938
396
735
239
96
48
115
686
410
127
484
686
653
549
997
488
222
520
685
96
987
107
177
794
113
610
791
370
942
879
816
424
560
308
716
572
581
370
453
319
316
954
269
114
244
369
241
658
884
809
587
436
827
382
986
14
937
646
909
383
493
917
32
575
984
663
365
146
610
415
638
344
755
424
938
993
493
194
151
400
752
272
216
709
462
567
870
815
129
225
539
210
9
211
717
901
130
588
112
479
277
551
919
68
470
194
484
842
566
480
246
881
122
748
779
322
788
399
278
46
424
100
994
107
306
738
368
35
670
634
869
637
280
418
640
720
421
40
539
957
161
187
303
125
970
966
53
763
301
886
914
555
312
303
226
946
568
210
809
0
420
170
117
764
145
855
400
230
320
626
374
483
645
778
425
924
24
470
525
832
561
4
505
348
656
58
826
840
275
307
119
748
948
220
48
82
234
743
520
685
559
664
901
339
681
222
901
159
925
228
556
874
729
1
35
363
376
941
795
516
508
517
402
159
39
392
957
289
738
162
183
870
978
57
441
989
231
919
883
477
831
24
913
544
27
92
49
463
768
111
540
246
177
991
252
810
155
949
549
232
681
232
758
496
401
527
954
745
926
845
242
614
47
65
237
42
280
231
579
209
416
617
574
543
563
922
355
204
745
973
471
232
919
505
709
435
332
448
575
160
158
408
875
75
398
609
112
113
913
872
216
319
48
627
353
70
475
470
351
5
474
966
940
224
444
340
987
255
795
781
313
402
687
287
469
219
618
334
993
348
412
976
273
443
145
197
972
731
88
835
673
342
452
17
884
152
776
531
568
221
726
605
815
413
105
363
504
639
197
273
977
579
99
238
390
925
401
199
168
743
177
649
80
502
9
566
102
576
35
908
454
988
278
426
906
451
836
324
414
85
301
41
567
255
429
324
693
36
425
160
548
401
584
47
285
165
151
477
802
529
173
272
434
676
817
26
50
83
905
58
725
239
84
680
676
599
617
400
105
208
578
961
432
777
980
207
792
780
176
661
601
658
510
390
23
566
928
614
350
885
166
421
221
940
145
812
87
147
17
675
568
569
434
602
478
24
404
735
664
882
755
687
219
155
431
840
594
865
412
982
318
818
540
845
943
261
531
183
529
980
580
253
283
176
251
971
284
69
194
512
454
239
312
243
319
989
382
628
710
245
516
346
107
81
548
657
954
665
812
655
834
489
18
582
473
11
267
540
322
688
285
153
737
548
486
137
206
743
181
36
25
235
471
970
509
186
76
994
112
544
931
444
241
378
483
774
923
757
940
900
473
897
981
548
114
663
599
761
824
473
474
78
147
130
423
773
723
494
773
960
526
987
584
424
167
127
119
980
904
483
173
533
257
97
114
247
745
371
490
394
756
852
975
738
245
850
267
28
126
140
960
395
334
240
219
281
131
65
206
321
713
727
318
37
601
927
884
379
741
917
143
206
762
327
994
42
47
244
114
895
198
36
484
642
232
17
660
361
598
63
856
421
437
184
942
597
73
108
91
40
78
711
295
947
475
426
213
980
232
623
758
886
593
943
792
783
868
654
19
126
135
2
13
640
421
247
367
53
419
903
600
526
917
552
128
490
935
222
839
282
809
459
974
865
610
932
934
400
984
718
553
857
255
608
686
842
801
467
592
828
717
656
105
173
514
240
43
363
821
562
680
410
41
152
754
351
183
315
21
46
815
705
804
25
342
691
17
858
200
860
297
235
527
255
903
52
844
432
120
909
990
142
679
101
449
31
2
682
657
789
765
313
847
735
461
152
419
531
679
26
570
298
914
707
746
597
123
204
676
783
960
130
169
435
542
290
577
351
910
616
783
288
478
456
897
929
197
180
918
558
481
184
585
190
324
26
445
729
491
941
569
341
73
608
727
991
644
955
296
65
583
498
186
367
768
309
500
798
898
870
448
678
293
909
474
31
389
96
337
403
33
543
108
83
957
816
975
141
353
270
198
51
571
791
897
815
611
134
984
782
902
406
721
643
53
512
496
550
654
943
774
988
139
562
597
912
322
346
562
522
174
684
900
583
179
313
893
42
815
468
703
250
527
20
856
747
64
43
625
633
111
478
515
395
803
981
667
196
794
909
848
88
977
613
810
165
392
534
717
695
20
815
799
33
543
367
150
368
693
52
933
98
273
428
497
312
312
362
207
928
283
571
528
102
163
745
591
459
176
279
627
270
931
719
672
355
165
689
771
121
678
596
213
689
562
946
759
275
554
927
128
563
615
746
243
372
732
735
468
291
949
956
980
344
386
155
211
369
592
880
62
7
818
467
817
844
852
768
750
597
16
941
135
253
829
507
40
19
285
977
153
949
573
397
82
964
522
140
168
690
474
421
471
33
745
657
584
165
533
749
326
669
20
403
651
543
413
46
304
938
20
133
381
111
898
250
109
330
76
659
710
326
906
144
623
751
155
198
683
716
679
867
750
124
717
283
429
672
607
603
130
873
667
836
448
155
987
50
108
115
614
430
869
749
736
536
318
562
648
857
233
183
41
984
926
745
323
587
244
808
331
377
487
113
856
454
603
921
583
222
840
70
770
445
399
592
724
207
691
872
352
371
915
488
123
781
399
788
423
757
825
815
721
618
215
721
285
394
958
103
416
774
169
795
311
898
841
414
614
579
823
939
763
516
968
942
645
130
353
357
431
502
764
718
129
228
865
73
944
498
576
167
661
834
365
899
300
19
998
472
134
501
665
795
905
500
585
322
238
951
147
869
596
41
140
468
123
464
94
394
195
876
82
664
478
186
343
301
171
241
228
412
924
405
114
783
475
803
518
795
56
52
782
979
230
325
522
714
951
701
965
915
765
377
355
915
707
429
189
233
883
500
379
116
377
842
402
791
695
176
310
993
930
128
897
496
14
273
805
262
614
669
182
948
678
353
68
95
172
53
96
472
68
772
92
88
563
254
704
555
391
804
994
708
141
228
541
698
458
79
374
618
558
982
91
581
22
892
380
844
145
432
199
872
350
929
31
831
308
431
836
52
217
144
393
661
951
520
634
715
372
669
172
214
912
610
746
983
789
49
781
498
882
527
507
68
25
418
115
705
346
518
488
873
431
153
356
267
841
524
271
451
698
939
864
408
325
175
3
865
499
153
476
786
552
185
435
1
917
657
57
534
398
547
521
618
119
530
986
871
971
648
188
424
446
59
674
722
588
117
199
20
504
37
467
899
73
608
40
929
682
28
824
839
401
670
442
200
667
938
180
207
486
651
299
860
222
932
617
140
12
998
542
15
60
730
546
421
814
114
785
419
880
956
177
298
506
391
160
378
130
544
858
13
512
182
849
134
932
197
661
804
591
800
111
962
952
771
760
169
128
680
775
583
831
296
899
754
312
101
230
152
555
557
963
881
323
241
801
863
615
231
639
20
532
789
931
53
794
967
182
582
277
330
522
78
224
178
31
276
869
777
842
138
128
81
927
633
709
180
217
510
375
146
335
323
490
187
129
25
571
93
907
796
47
512
177
639
345
0
637
562
976
51
596
961
632
564
511
487
912
7
569
547
148
94
325
642
107
35
10
693
332
662
56
412
132
26
301
779
780
363
572
3
345
139
502
324
379
885
731
891
618
313
274
63
702
426
743
600
238
724
285
881
955
458
541
421
446
255
93
320
479
371
948
224
672
144
669
476
585
662
91
147
501
812
316
152
637
463
448
213
651
304
771
262
458
465
993
511
652
8
394
168
996
632
671
936
637
524
691
208
530
549
653
793
144
102
390
457
689
334
622
729
634
405
996
283
615
939
141
299
94
909
451
770
409
722
898
619
600
621
960
160
22
635
740
292
883
136
64
231
122
365
401
789
923
548
823
704
572
639
432
327
564
238
689
351
704
720
816
609
137
132
116
212
542
816
230
37
270
986
316
972
800
388
19
496
167
141
292
366
608
526
339
302
70
859
868
982
392
979
399
475
40
105
366
629
96
420
723
811
305
843
991
255
420
973
193
347
300
408
620
347
995
64
661
389
372
291
459
743
121
283
111
944
550
12
94
146
829
46
380
630
436
20
652
736
44
422
670
532
403
461
359
114
676
757
151
918
910
640
39
795
66
224
977
673
889
372
861
347
646
799
617
134
95
414
425
80
801
545
215
709
540
299
773
136
357
541
120
912
804
128
359
377
309
826
45
476
730
594
331
129
121
751
873
964
162
343
150
30
884
652
623
390
760
275
460
199
645
392
673
788
694
100
812
737
457
384
82
171
962
511
111
699
360
478
381
151
733
943
540
642
619
256
476
318
789
93
503
630
212
717
402
192
900
555
429
203
255
699
721
662
687
465
146
505
297
524
629
120
352
8
179
517
864
676
846
164
341
345
780
606
27
965
690
166
959
543
883
416
205
539
9
83
923
528
91
380
774
473
127
293
780
681
362
798
842
898
366
763
807
743
419
541
192
320
178
446
853
534
21
791
252
944
859
268
741
286
475
395
390
876
414
720
527
457
490
709
376
480
924
408
330
350
350
469
644
470
297
926
783
585
100
56
332
386
670
672
820
281
465
6
112
254
48
913
483
721
602
19
356
647
663
21
736
352
746
430
615
302
736
200
702
872
712
788
285
912
99
216
130
642
638
374
510
399
382
542
822
977
683
270
269
663
288
986
64
51
586
543
706
978
742
556
705
227
160
802
480
236
362
515
550
313
978
810
679
839
23
745
402
312
53
857
899
760
758
381
570
871
323
240
115
392
52
672
639
66
853
531
419
876
162
577
712
430
340
98
387
605
836
282
293
704
743
713
934
673
290
680
726
590
520
497
340
177
426
694
570
388
142
645
672
785
764
875
928
713
988
870
930
931
476
375
17
783
657
552
822
412
891
818
452
639
143
67
243
5
415
157
241
386
252
434
637
955
151
271
726
233
132
839
436
87
392
178
77
230
572
933
915
647
362
892
652
33
568
549
986
443
828
830
379
68
46
194
548
345
404
96
850
719
545
956
401
546
287
770
425
381
440
193
629
627
223
924
910
909
812
87
632
405
264
872
162
330
797
299
236
421
554
835
260
483
718
22
386
588
122
160
461
692
620
210
677
800
89
868
26
755
763
601
772
465
579
371
749
420
417
439
365
613
962
674
132
725
9
147
549
156
649
283
569
971
345
714
905
349
529
372
552
483
20
860
600
472
655
344
980
705
993
77
198
394
475
956
323
997
186
453
883
236
411
3
581
145
22
209
226
964
670
11
953
52
288
175
907
314
930
37
679
675
486
758
297
668
502
953
671
970
890
676
445
778
673
880
545
263
932
741
153
835
665
521
907
80
910
867
549
774
796
789
118
936
263
569
589
378
171
170
233
206
705
790
425
7
794
635
725
261
531
440
28
123
689
102
847
301
407
871
982
446
742
701
554
985
333
142
834
438
169
198
514
79
318
621
777
115
87
915
833
891
378
210
261
260
175
579
118
804
939
667
494
424
744
271
153
133
111
189
624
494
209
397
0
158
594
305
123
30
423
65
798
329
745
801
858
877
347
239
46
565
305
743
973
469
33
154
836
118
654
967
383
235
26
752
93
59
804
752
617
951
699
587
762
334
242
975
661
648
452
834
177
376
713
436
371
685
170
702
740
490
193
507
136
781
613
942
712
53
325
188
10
280
834
451
318
19
418
572
877
443
226
741
502
220
12
625
241
840
666
732
911
458
65
458
969
524
985
343
688
765
476
148
885
223
5
17
275
920
932
974
777
175
735
31
228
130
690
271
197
974
130
683
687
582
782
706
571
823
719
724
607
940
682
713
196
885
180
339
191
389
150
647
931
188
528
472
781
562
178
572
224
862
657
459
546
542
495
757
463
847
343
84
964
208
79
42
422
714
582
403
4
898
776
830
42
866
184
992
32
788
245
346
139
553
600
125
954
602
765
587
763
429
248
47
775
17
906
303
179
589
228
889
937
342
459
308
414
328
69
448
837
736
603
185
52
527
103
440
590
217
559
322
657
670
547
469
968
241
276
281
147
128
157
867
125
899
951
712
111
896
807
159
732
685
602
759
213
304
101
92
581
892
182
332
927
181
607
599
223
334
12
766
606
985
666
107
458
167
179
450
869
696
47
70
5
269
469
750
932
908
786
697
41
19
185
65
191
537
357
612
132
642
811
96
132
17
75
840
503
867
247
242
953
289
997
356
88
774
602
686
355
26
840
800
761
878
689
511
896
353
980
149
271
91
240
223
206
816
495
691
44
303
597
353
993
275
816
353
701
73
274
637
225
691
804
105
517
333
990
208
89
910
453
240
968
498
812
106
834
781
62
211
849
666
842
126
686
221
760
325
477
926
468
453
350
367
641
778
533
135
791
771
116
64
7
384
696
566
142
249
393
978
401
648
598
269
777
681
560
433
575
697
30
676
969
597
138
486
405
917
17
926
669
361
224
871
899
234
909
585
23
772
556
741
928
410
491
545
64
451
280
949
259
356
425
325
40
774
829
56
408
241
857
392
375
449
189
355
409
608
48
729
655
268
129
911
386
370
640
276
7
179
36
618
372
350
175
223
586
535
31
748
987
238
157
414
302
283
387
579
840
553
2
759
109
944
986
832
936
559
141
366
319
153
622
184
731
656
542
843
78
208
112
276
734
253
774
455
481
959
26
809
289
741
105
859
866
784
829
280
601
938
307
73
120
510
429
430
175
713
472
9
5
433
112
318
32
93
706
101
353
350
450
115
107
309
911
29
45
853
196
838
894
625
896
76
169
857
448
414
337
585
123
432
423
931
831
291
289
727
706
286
765
871
763
465
903
320
186
924
711
990
222
292
351
974
886
870
867
186
201
622
337
801
105
410
563
965
973
882
171
585
511
603
670
19
206
173
844
998
916
18
496
347
874
696
299
193
467
72
789
266
343
815
86
584
777
429
298
808
538
749
132
261
999
460
732
600
81
446
587
31
300
205
743
156
186
307
786
256
49
418
384
640
130
257
521
782
411
490
139
346
359
282
884
507
572
921
950
200
525
67
348
500
218
966
436
426
325
189
958
997
718
299
739
700
578
948
601
707
262
553
775
245
634
146
700
769
540
402
37
715
43
253
598
412
534
669
432
476
755
605
444
711
548
925
887
614
143
88
79
136
572
626
533
481
861
973
339
193
505
206
40
119
201
260
298
8
328
497
763
939
772
789
135
623
826
390
196
631
505
684
427
701
492
140
382
340
902
667
587
314
674
222
952
398
401
776
503
151
128
828
100
222
272
11
708
116
287
911
745
542
784
945
212
264
926
113
162
888
687
564
249
901
311
226
636
384
874
296
758
169
910
620
756
581
751
512
870
38
885
824
719
916
860
351
186
619
227
679
424
36
511
39
927
113
824
346
133
451
451
750
94
782
170
418
682
816
2
268
115
630
555
817
477
399
981
814
734
949
425
95
824
937
197
974
245
38
373
366
587
521
30
872
104
943
780
190
7
736
951
526
427
827
145
698
484
721
995
821
656
902
73
736
660
894
475
215
83
692
30
117
85
57
642
831
171
995
900
719
731
532
823
272
584
29
487
162
915
386
815
294
847
823
635
100
401
147
368
578
343
324
155
625
588
604
615
67
937
211
603
447
29
636
211
920
383
492
397
490
51
441
415
423
460
911
560
33
162
857
732
153
956
269
252
728
231
17
341
987
527
325
943
164
717
561
1
231
650
473
371
386
812
246
677
601
903
134
510
41
461
654
23
299
640
632
809
155
487
160
348
809
631
467
658
551
484
362
451
861
697
619
890
834
829
241
239
28
374
853
831
674
690
21
297
807
371
908
530
753
307
513
228
643
961
693
234
336
194
175
647
506
932
506
880
10
302
643
111
336
332
819
617
676
650
211
906
974
151
985
568
724
748
797
405
178
252
289
609
207
119
913
511
133
482
407
950
441
145
978
668
196
791
16
878
377
317
562
338
904
769
519
57
154
505
347
